curl --request POST \
  --url https://api.dhan.co/v2/charts/intraday \
  --header 'Accept: application/json' \
  --header 'Content-Type: application/json' \
  --header 'access-token: eyJ0eXAiOiJKV1QiLCJhbGciOiJIUzUxMiJ9.eyJpc3MiOiJkaGFuIiwicGFydG5lcklkIjoiIiwiZXhwIjoxNzUzMzQ1MzIxLCJ0b2tlbkNvbnN1bWVyVHlwZSI6IlNFTEYiLCJ3ZWJob29rVXJsIjoiIiwiZGhhbkNsaWVudElkIjoiMTEwNjE3NDc3MSJ9.mN4-Kasup2S6n8yOiQDTz9UePk7yKh9RIJ_-MIOprv7LkmO6KnL0wSmlNKzKEVZvPF1K5zxRm-Ow8p9X3BxiwA' \
  --data '{
  "securityId": "18096",
  "exchangeSegment": "NSE_EQ",
  "instrument": "EQUITY",
  "interval": "60",
  "oi": false,
  "fromDate": "2025-06-20 10:00:00",
  "toDate": "2025-07-23 10:15:01"
}'


{
  "open": [
    688.25,
    695.6,
    695.1,
    694.2,
    693.15,
    696.25,
    690,
    683.25,
    687.35,
    693,
    696.1,
    699.95,
    693.45,
    701,
    698.55,
    697.9,
    700.45,
    699.95,
    696.65,
    694.4,
    695,
    708.8,
    711.7,
    715.35,
    714.2,
    709.9,
    713.35,
    715,
    708.5,
    707,
    710.85,
    708.4,
    710.05,
    712.5,
    714.7,
    709.1,
    710.05,
    712,
    709.5,
    712.6,
    709.65,
    709.95,
    704.5,
    702.5,
    702.9,
    701.2,
    704.3,
    701.25,
    703.05,
    714.35,
    713.4,
    709.35,
    710,
    710.4,
    709.7,
    709.75,
    702.95,
    706.9,
    707.05,
    706.55,
    708.6,
    709.35,
    708.55,
    709.1,
    708.35,
    706.8,
    710.85,
    708.45,
    707.3,
    706.95,
    705,
    704.55,
    703.75,
    703,
    703.3,
    710.05,
    713.15,
    691.9,
    688.3,
    682.95,
    685.9,
    685.5,
    684.25,
    680.8,
    685.4,
    688.1,
    688.65,
    689.1,
    686.3,
    689.1,
    692,
    685.65,
    682.6,
    685.25,
    685.65,
    685.3,
    683,
    683,
    680.75,
    679.65,
    684.3,
    684.5,
    686.5,
    688.7,
    685,
    679.8,
    677.25,
    681.55,
    679.95,
    680.6,
    679.2,
    682.5,
    678.65,
    676.35,
    675.2,
    677.2,
    679.4,
    678.9,
    680.5,
    685.3,
    685.7,
    686.9,
    686.6,
    686.15,
    691.65,
    692,
    689.4,
    687.3,
    689.45,
    693,
    693,
    693.6,
    694.1,
    692.1,
    692.25,
    691.5,
    688.25,
    689.75,
    689.8,
    688.2,
    683.45,
    685.8,
    685.4,
    686,
    684.5,
    682.65,
    678.1,
    677.9,
    675.35,
    678.25,
    678.3,
    678,
    679.6,
    679.35,
    677,
    671.8,
    667,
    662.4,
    661.8,
    662.8,
    665.6,
    659.55,
    657.2,
    656.25,
    655.2,
    655.9,
    660.2
  ],
  "high": [
    696.5,
    696.3,
    695.1,
    696.9,
    697.65,
    697.4,
    691.75,
    687.8,
    692.85,
    697.5,
    699.9,
    700.9,
    693.65,
    702.8,
    700.4,
    702.6,
    701.15,
    700.65,
    699.3,
    697.75,
    710.5,
    715.85,
    718.2,
    716.3,
    714.25,
    714.15,
    714.35,
    718.9,
    709.95,
    710.85,
    713.05,
    710.5,
    712.5,
    712.75,
    716.45,
    711.55,
    713.45,
    712.75,
    715.3,
    713.9,
    711.5,
    711.5,
    705.8,
    705.05,
    705.65,
    704.6,
    704.95,
    705,
    718.95,
    718.25,
    714.2,
    712.5,
    712,
    711.05,
    710.45,
    711.95,
    709,
    711,
    707.9,
    708.6,
    710.15,
    710,
    710.95,
    709.3,
    712,
    711.3,
    710.85,
    708.95,
    708,
    708.8,
    706.75,
    706.2,
    703.75,
    704.4,
    710.95,
    711,
    714.7,
    693.55,
    688.95,
    687.95,
    686.8,
    686.5,
    684.9,
    688.95,
    688.3,
    690.65,
    689.95,
    689.55,
    689.25,
    689.2,
    692,
    687.5,
    686.35,
    686.1,
    686.3,
    685.4,
    684.8,
    686.3,
    680.8,
    684.65,
    686,
    686.95,
    689,
    689.2,
    687.4,
    680.8,
    682.75,
    682.8,
    681.2,
    680.75,
    679.3,
    682.5,
    680,
    676.8,
    678.65,
    680.15,
    681.1,
    683,
    686.3,
    687.9,
    688.8,
    688.75,
    687.4,
    691.85,
    692,
    693.45,
    690.25,
    690.9,
    694,
    694,
    694.95,
    694.35,
    695.5,
    694.4,
    692.5,
    691.8,
    690.95,
    692,
    690.85,
    688.2,
    685.9,
    687,
    686.9,
    687.1,
    685.15,
    682.65,
    681.6,
    678.95,
    678.6,
    679.55,
    679.05,
    680.05,
    680.3,
    682.65,
    677.2,
    672,
    667.1,
    664.7,
    664.3,
    663,
    667.95,
    659.9,
    659.15,
    656.8,
    657.6,
    660.8,
    661.7
  ],
  "low": [
    688.05,
    692.7,
    692,
    693,
    690.55,
    688.3,
    681.15,
    682.05,
    682.9,
    692,
    695.85,
    692.5,
    690.6,
    696.65,
    696.85,
    697.1,
    697.95,
    695.8,
    694.35,
    693.35,
    693.55,
    708.1,
    710.2,
    713,
    708.45,
    709,
    710.9,
    707.4,
    706.65,
    706.3,
    708.35,
    708.1,
    709.45,
    710,
    706.1,
    708.7,
    708.4,
    709,
    709.2,
    708.1,
    708.1,
    704,
    701.5,
    700.25,
    700.8,
    700.1,
    701.15,
    699.95,
    703.05,
    708.35,
    708.25,
    709.1,
    709.05,
    709,
    708.1,
    701.1,
    700.55,
    704.7,
    705.45,
    704.95,
    706.2,
    707,
    706.4,
    707.45,
    705.95,
    705.6,
    707.5,
    706.45,
    704,
    703.5,
    703.1,
    700.8,
    701.95,
    701.85,
    702.3,
    709.3,
    688.5,
    686.75,
    681.25,
    682.15,
    682.4,
    683.5,
    682.3,
    679.4,
    683.6,
    686.95,
    687,
    686.05,
    685.75,
    686.1,
    685.35,
    682.15,
    682.2,
    684.45,
    684.05,
    682.45,
    681.75,
    680.3,
    678,
    679.35,
    684.15,
    683.85,
    686.25,
    685.2,
    679.75,
    675.95,
    675.55,
    679.6,
    678.95,
    678.55,
    674.3,
    673.1,
    676.35,
    674,
    674.95,
    677.1,
    678.5,
    678.4,
    680,
    683.45,
    684,
    686.1,
    685,
    685.8,
    690.5,
    688.7,
    687.25,
    686,
    688,
    692.8,
    692.1,
    693,
    691.1,
    691.7,
    691.05,
    687.9,
    687,
    688,
    687.95,
    682.95,
    681.55,
    685,
    685.1,
    684,
    682.4,
    678.5,
    675,
    675.15,
    675,
    677.55,
    677.15,
    678,
    678,
    676.15,
    671.7,
    666.5,
    662,
    660.6,
    661.45,
    660,
    658.25,
    656.85,
    655.7,
    654.7,
    654.75,
    655.1,
    660
  ],
  "close": [
    695.45,
    694.8,
    693.95,
    693.15,
    696.1,
    689.5,
    683.25,
    687.05,
    692.8,
    696.1,
    699.8,
    693.75,
    690.8,
    698.9,
    697.25,
    699.95,
    699.5,
    696.9,
    694.35,
    695.25,
    708.65,
    711.65,
    715.45,
    714.1,
    710,
    713.3,
    711.05,
    708.75,
    706.95,
    710.85,
    708.7,
    710.05,
    712.5,
    710,
    709.05,
    710,
    711.95,
    709.35,
    712.85,
    709.9,
    708.25,
    704.6,
    702.5,
    702.5,
    701.35,
    704.3,
    701.25,
    703.7,
    714.55,
    713.6,
    709.1,
    709.95,
    710.4,
    709.15,
    708.1,
    702.95,
    707.15,
    707.2,
    706.7,
    708.55,
    709.6,
    707.7,
    709.25,
    708.35,
    706.95,
    711,
    708.5,
    707.2,
    704.05,
    705,
    704.6,
    703.95,
    702.95,
    703.3,
    710.05,
    710.4,
    691.6,
    688.35,
    682.9,
    685.9,
    685.35,
    684.2,
    683.1,
    685.4,
    688.2,
    688.55,
    689.1,
    686.45,
    689.15,
    686.65,
    685.55,
    682.3,
    685.25,
    685.65,
    685.3,
    683.1,
    683.95,
    680.75,
    679.85,
    684.6,
    684.5,
    686.6,
    688.65,
    685.2,
    679.8,
    677.1,
    681.45,
    680.35,
    680.75,
    678.85,
    675.5,
    678.2,
    676.5,
    675.25,
    677.1,
    679.4,
    678.8,
    682.5,
    685.3,
    685.7,
    686.9,
    686.75,
    686.3,
    691.55,
    691.6,
    689.75,
    687.75,
    690.15,
    693.05,
    693,
    693.35,
    694,
    692.2,
    692.15,
    691.55,
    688.2,
    690.05,
    689.7,
    688.7,
    683.45,
    685.3,
    685.4,
    686,
    684.5,
    682.7,
    679.3,
    677.85,
    675.4,
    678.25,
    678.3,
    678.05,
    679.6,
    679.55,
    677.4,
    672,
    667.15,
    662.5,
    661.75,
    662.8,
    662.6,
    659.8,
    657.2,
    656.3,
    655.55,
    655.85,
    660.25,
    661.1
  ],
  "volume": [
    182894,
    118959,
    82685,
    276117,
    1089181,
    720683,
    285010,
    113776,
    333791,
    159554,
    100955,
    181626,
    104403,
    175806,
    57409,
    80646,
    78531,
    86902,
    249948,
    120074,
    471375,
    891349,
    566307,
    189177,
    304651,
    451863,
    197820,
    520761,
    125827,
    99866,
    170437,
    80471,
    183880,
    118446,
    198853,
    126008,
    530396,
    73768,
    505468,
    593982,
    252372,
    209633,
    255718,
    108198,
    198257,
    186245,
    291536,
    419910,
    507058,
    234205,
    117450,
    92520,
    65537,
    156861,
    114462,
    139766,
    81768,
    94031,
    43010,
    52844,
    144494,
    123839,
    83352,
    32389,
    134115,
    88164,
    74477,
    172257,
    75836,
    100826,
    51803,
    80005,
    19120,
    64869,
    159911,
    75767,
    894375,
    360091,
    460633,
    446299,
    332180,
    474549,
    284909,
    244867,
    90788,
    154079,
    100427,
    130928,
    159489,
    79152,
    102587,
    66305,
    106842,
    76647,
    79967,
    183056,
    107673,
    117652,
    72548,
    105956,
    90625,
    88838,
    142368,
    71245,
    75066,
    70640,
    85752,
    63945,
    170835,
    273844,
    109732,
    117582,
    70339,
    60131,
    431293,
    70859,
    179448,
    137240,
    81892,
    32320,
    93386,
    15349,
    26486,
    78834,
    40076,
    80869,
    28974,
    32875,
    54259,
    48163,
    74216,
    68976,
    74791,
    89800,
    36791,
    70169,
    131653,
    243041,
    125738,
    84363,
    112064,
    21868,
    25116,
    32668,
    173646,
    99264,
    71842,
    61459,
    65812,
    57271,
    77256,
    153096,
    88607,
    63811,
    65677,
    83753,
    107951,
    83302,
    158815,
    120083,
    182017,
    44222,
    53147,
    109436,
    70284,
    384446,
    69002
  ],
  "timestamp": [
    1750394700,
    1750398300,
    1750401900,
    1750405500,
    1750409100,
    1750412700,
    1750650300,
    1750653900,
    1750657500,
    1750661100,
    1750664700,
    1750668300,
    1750671900,
    1750736700,
    1750740300,
    1750743900,
    1750747500,
    1750751100,
    1750754700,
    1750758300,
    1750823100,
    1750826700,
    1750830300,
    1750833900,
    1750837500,
    1750841100,
    1750844700,
    1750909500,
    1750913100,
    1750916700,
    1750920300,
    1750923900,
    1750927500,
    1750931100,
    1750995900,
    1750999500,
    1751003100,
    1751006700,
    1751010300,
    1751013900,
    1751017500,
    1751255100,
    1751258700,
    1751262300,
    1751265900,
    1751269500,
    1751273100,
    1751276700,
    1751341500,
    1751345100,
    1751348700,
    1751352300,
    1751355900,
    1751359500,
    1751363100,
    1751427900,
    1751431500,
    1751435100,
    1751438700,
    1751442300,
    1751445900,
    1751449500,
    1751514300,
    1751517900,
    1751521500,
    1751525100,
    1751528700,
    1751532300,
    1751535900,
    1751600700,
    1751604300,
    1751607900,
    1751611500,
    1751615100,
    1751618700,
    1751622300,
    1751859900,
    1751863500,
    1751867100,
    1751870700,
    1751874300,
    1751877900,
    1751881500,
    1751946300,
    1751949900,
    1751953500,
    1751957100,
    1751960700,
    1751964300,
    1751967900,
    1752032700,
    1752036300,
    1752039900,
    1752043500,
    1752047100,
    1752050700,
    1752054300,
    1752119100,
    1752122700,
    1752126300,
    1752129900,
    1752133500,
    1752137100,
    1752140700,
    1752205500,
    1752209100,
    1752212700,
    1752216300,
    1752219900,
    1752223500,
    1752227100,
    1752464700,
    1752468300,
    1752471900,
    1752475500,
    1752479100,
    1752482700,
    1752486300,
    1752551100,
    1752554700,
    1752558300,
    1752561900,
    1752565500,
    1752569100,
    1752572700,
    1752637500,
    1752641100,
    1752644700,
    1752648300,
    1752651900,
    1752655500,
    1752659100,
    1752723900,
    1752727500,
    1752731100,
    1752734700,
    1752738300,
    1752741900,
    1752745500,
    1752810300,
    1752813900,
    1752817500,
    1752821100,
    1752824700,
    1752828300,
    1752831900,
    1753069500,
    1753073100,
    1753076700,
    1753080300,
    1753083900,
    1753087500,
    1753091100,
    1753155900,
    1753159500,
    1753163100,
    1753166700,
    1753170300,
    1753173900,
    1753177500,
    1753242300,
    1753245900,
    1753249500,
    1753253100,
    1753256700,
    1753260300,
    1753263900
  ]
}
